198
0 0 0 0 0 0 0 0 0 0 0 0 0 0 0 0 0 0 0 0 0 0 0 0 0 0 0 0 0 0 0 0 0 0 0 0 0 0 0 0 0 0 0 0 0 0 0 0 0 0 0 0 0 0 0 0 0 0 0 0 0 0 0 0 
0 0 0 0 0 0 0 0 0 0 0 0 0 0 0 0 0 0 0 0 0 0 0 0 0 0 0 0 0 0 0 0 0 1048577 0 0 546 0 0 2048 0 16777216 0 0 0 0 0 0 0 0 0 0 0 0 0 0 0 0 0 0 0 0 0 0 
0 1 0 0 4 64 0 1792 0 32 0 0 0 0 0 0 0 0 0 0 0 0 0 0 0 0 0 0 0 0 0 0 0 1048577 0 0 546 0 0 2048 0 16777216 0 0 0 0 0 0 0 0 0 0 0 0 0 0 0 0 0 0 0 0 0 0 
1 1 0 0 4 64 0 1792 0 32 0 0 0 0 0 0 0 0 0 0 0 0 0 0 0 0 0 0 0 0 0 0 0 1048577 0 0 546 0 0 2048 0 16777216 0 0 0 0 0 0 0 0 0 0 0 0 0 0 0 0 0 0 0 0 0 0 
0 1 0 0 4 64 0 1792 0 32 0 0 0 0 0 0 0 0 0 0 0 0 0 0 0 0 0 0 0 0 0 0 0 1048577 0 0 546 0 0 2048 0 16777216 0 0 0 0 0 0 0 0 0 0 0 0 0 0 0 0 0 0 0 0 0 0 
0 0 0 0 4 64 0 1792 0 32 0 0 0 0 0 0 0 0 0 0 0 0 0 0 0 0 0 0 0 0 0 0 0 1048577 0 0 546 0 0 2048 0 16777216 0 0 0 0 0 0 0 0 0 0 0 0 0 0 0 0 0 0 0 0 0 0 
1 0 0 0 4 64 0 1792 0 32 0 0 0 0 0 0 0 0 0 0 0 0 0 0 0 0 0 0 0 0 0 0 0 1048577 0 0 546 0 0 2048 0 16777216 0 0 0 0 0 0 0 0 0 0 0 0 0 0 0 0 0 0 0 0 0 0 
0 0 0 0 4 64 0 1792 0 32 0 0 0 0 0 0 0 0 0 0 0 0 0 0 0 0 0 0 0 0 0 0 0 1048577 0 0 546 0 0 2048 0 16777216 0 0 0 0 0 0 0 0 0 0 0 0 0 0 0 0 0 0 0 0 0 0 
0 0 0 0 4 64 0 1792 0 32 0 0 0 0 0 0 0 0 0 0 0 0 0 0 0 0 0 0 0 0 0 0 0 1048577 0 0 546 0 0 2048 0 16777216 0 0 0 0 0 0 0 0 0 0 0 0 0 0 0 0 0 0 0 0 0 0 
1 0 0 0 4 64 0 1792 0 32 0 0 0 0 0 0 0 0 0 0 0 0 0 0 0 0 0 0 0 0 0 0 0 1048577 0 0 546 0 0 2048 0 16777216 0 0 0 0 0 0 0 0 0 0 0 0 0 0 0 0 0 0 0 0 0 0 
0 0 0 0 4 64 0 1792 0 32 0 0 0 0 0 0 0 0 0 0 0 0 0 0 0 0 0 0 0 0 0 0 0 1048577 0 0 546 0 0 2048 0 16777216 0 0 0 0 0 0 0 0 0 0 0 0 0 0 0 0 0 0 0 0 0 0 
0 0 0 0 4 64 0 1792 0 32 0 0 0 0 0 0 0 0 0 0 0 0 0 0 0 0 0 0 0 0 0 0 0 1048577 0 0 546 0 0 2048 0 16777216 0 0 0 0 0 0 0 0 0 0 0 0 0 0 0 0 0 0 0 0 0 0 
1 0 0 0 4 64 0 1792 0 32 0 0 0 0 0 0 0 0 0 0 0 0 0 0 0 0 0 0 0 0 0 0 0 1048577 0 0 546 0 0 2048 0 16777216 0 0 0 0 0 0 0 0 0 0 0 0 0 0 0 0 0 0 0 0 0 0 
0 0 0 0 4 64 0 1792 0 32 0 0 0 0 0 0 0 0 0 0 0 0 0 0 0 0 0 0 0 0 0 0 0 1048577 0 0 546 0 0 2048 0 16777216 0 0 0 0 0 0 0 0 0 0 0 0 0 0 0 0 0 0 0 0 0 0 
0 0 0 0 4 64 0 1792 0 32 0 0 0 0 0 0 0 0 0 0 0 0 0 0 0 0 0 0 0 0 0 0 0 1048577 0 0 546 0 0 2048 0 16777216 0 0 0 0 0 0 0 0 0 0 0 0 0 0 0 0 0 0 0 0 0 0 
1 0 0 0 4 64 0 1792 0 32 0 0 0 0 0 0 0 0 0 0 0 0 0 0 0 0 0 0 0 0 0 0 0 1048577 0 0 546 0 0 2048 0 16777216 0 0 0 0 0 0 0 0 0 0 0 0 0 0 0 0 0 0 0 0 0 0 
0 0 0 0 4 64 0 1792 0 32 0 0 0 0 0 0 0 0 0 0 0 0 0 0 0 0 0 0 0 0 0 0 0 1048577 0 0 546 0 0 2048 0 16777216 0 0 0 0 0 0 0 0 0 0 0 0 0 0 0 0 0 0 0 0 0 0 
0 0 0 0 4 64 0 1792 0 32 0 0 0 0 0 0 0 0 0 0 0 0 0 0 0 0 0 0 0 0 0 0 0 1048577 0 0 546 0 0 2048 0 16777216 0 0 0 0 0 0 0 0 0 0 0 0 0 0 0 0 0 0 0 0 0 0 
1 0 0 0 4 64 0 1792 0 32 0 0 0 0 0 0 0 0 0 0 0 0 0 0 0 0 0 0 0 0 0 0 0 1048577 0 0 546 0 0 2048 0 16777216 0 0 0 0 0 0 0 0 0 0 0 0 0 0 0 0 0 0 0 0 0 0 
0 0 0 0 4 64 0 1792 0 32 0 0 0 0 0 0 0 0 0 0 0 0 0 0 0 0 0 0 0 0 0 0 0 1048577 0 0 546 0 0 2048 0 16777216 0 0 0 0 0 0 0 0 0 0 0 0 0 0 0 0 0 0 0 0 0 0 
0 1 0 0 4 64 0 1792 0 32 0 0 0 0 0 0 0 0 0 0 0 0 0 0 0 0 0 0 0 0 0 0 0 1048577 0 0 546 0 0 2048 0 16777216 0 0 0 0 0 0 0 0 0 0 0 0 0 0 0 0 0 0 0 0 0 0 
1 1 0 0 4 64 0 1792 0 32 0 0 0 0 0 0 0 0 0 0 0 0 0 0 0 0 0 0 0 0 0 0 0 1048577 0 0 546 0 0 2048 0 16777216 0 0 0 0 0 0 0 0 0 0 0 0 0 0 0 0 0 0 0 0 0 0 
0 1 0 0 4 64 0 1792 0 32 0 0 0 0 0 0 0 0 0 0 0 0 0 0 0 0 0 0 0 0 0 0 0 1048577 0 0 546 0 0 2048 0 16777216 0 0 0 0 0 0 0 0 0 0 0 0 0 0 0 0 0 0 0 0 0 0 
0 1 0 0 4 64 0 1792 0 32 0 0 0 0 0 0 0 0 0 0 0 0 0 0 0 0 0 0 0 0 0 0 0 1048577 0 0 546 0 0 2048 0 16777216 0 0 0 0 0 0 0 0 0 0 0 0 0 0 0 0 0 0 0 0 0 0 
1 1 0 0 4 64 0 1792 0 32 0 0 0 0 0 0 0 0 0 0 0 0 0 0 0 0 0 0 0 0 0 0 0 1048577 0 0 546 0 0 2048 0 16777216 0 0 0 0 0 0 0 0 0 0 0 0 0 0 0 0 0 0 0 0 0 0 
0 1 0 0 4 64 0 1792 0 32 0 0 0 0 0 0 0 0 0 0 0 0 0 0 0 0 0 0 0 0 0 0 0 1048577 0 0 546 0 0 2048 0 16777216 0 0 0 0 0 0 0 0 0 0 0 0 0 0 0 0 0 0 0 0 0 0 
0 1 0 0 4 64 0 1792 0 32 0 0 0 0 0 0 0 0 0 0 0 0 0 0 0 0 0 0 0 0 0 0 0 1048577 0 0 546 0 0 2048 0 16777216 0 0 0 0 0 0 0 0 0 0 0 0 0 0 0 0 0 0 0 0 0 0 
1 1 0 0 4 64 0 1792 0 32 0 0 0 0 0 0 0 0 0 0 0 0 0 0 0 0 0 0 0 0 0 0 0 1048577 0 0 546 0 0 2048 0 16777216 0 0 0 0 0 0 0 0 0 0 0 0 0 0 0 0 0 0 0 0 0 0 
0 1 0 0 4 64 0 1792 0 32 0 0 0 0 0 0 0 0 0 0 0 0 0 0 0 0 0 0 0 0 0 0 0 1048577 0 0 546 0 0 2048 0 16777216 0 0 0 0 0 0 0 0 0 0 0 0 0 0 0 0 0 0 0 0 0 0 
0 1 0 0 4 64 0 1792 0 32 0 0 0 0 0 0 0 0 0 0 0 0 0 0 0 0 0 0 0 0 0 0 0 1048577 0 0 546 0 0 2048 0 16777216 0 0 0 0 0 0 0 0 0 0 0 0 0 0 0 0 0 0 0 0 0 0 
1 1 0 0 4 64 0 1792 0 32 0 0 0 0 0 0 0 0 0 0 0 0 0 0 0 0 0 0 0 0 0 0 0 1048577 0 0 546 0 0 2048 0 16777216 0 0 0 0 0 0 0 0 0 0 0 0 0 0 0 0 0 0 0 0 0 0 
0 1 0 0 4 64 0 1792 0 32 0 0 0 0 0 0 0 0 0 0 0 0 0 0 0 0 0 0 0 0 0 0 0 1048577 0 0 546 0 0 2048 0 16777216 0 0 0 0 0 0 0 0 0 0 0 0 0 0 0 0 0 0 0 0 0 0 
0 1 0 0 4 64 0 1792 0 32 0 0 0 0 0 0 0 0 0 0 0 0 0 0 0 0 0 0 0 0 0 0 0 1048577 0 0 546 0 0 2048 0 16777216 0 0 0 0 0 0 0 0 0 0 0 0 0 0 0 0 0 0 0 0 0 0 
1 1 0 0 4 64 0 1792 0 32 0 0 0 0 0 0 0 0 0 0 0 0 0 0 0 0 0 0 0 0 0 0 0 1048577 0 0 546 0 0 2048 0 16777216 0 0 0 0 0 0 0 0 0 0 0 0 0 0 0 0 0 0 0 0 0 0 
0 1 0 0 4 64 0 1792 0 32 0 0 0 0 0 0 0 0 0 0 0 0 0 0 0 0 0 0 0 0 0 0 0 1048577 0 0 546 0 0 2048 0 16777216 0 0 0 0 0 0 0 0 0 0 0 0 0 0 0 0 0 0 0 0 0 0 
0 1 0 0 4 64 0 1792 0 32 0 0 0 0 0 0 0 0 0 0 0 0 0 0 0 0 0 0 0 0 0 0 0 1048577 0 0 546 0 0 2048 0 16777216 0 0 0 0 0 0 0 0 0 0 0 0 0 0 0 0 0 0 0 0 0 0 
1 1 0 0 4 64 0 1792 0 32 0 0 0 0 0 0 0 0 0 0 0 0 0 0 0 0 0 0 0 0 0 0 0 1048577 0 0 546 0 0 2048 0 16777216 0 0 0 0 0 0 0 0 0 0 0 0 0 0 0 0 0 0 0 0 0 0 
0 1 0 0 4 64 0 1792 0 32 0 0 0 0 0 0 0 0 0 0 0 0 0 0 0 0 0 0 0 0 0 0 0 1048577 0 0 546 0 0 2048 0 16777216 0 0 0 0 0 0 0 0 0 0 0 0 0 0 0 0 0 0 0 0 0 0 
0 1 0 0 4 64 0 1792 0 32 0 0 0 0 0 0 0 0 0 0 0 0 0 0 0 0 0 0 0 0 0 0 0 1048577 0 0 546 0 0 2048 0 16777216 0 0 0 0 0 0 0 0 0 0 0 0 0 0 0 0 0 0 0 0 0 0 
1 1 0 0 4 64 0 1792 0 32 0 0 0 0 0 0 0 0 0 0 0 0 0 0 0 0 0 0 0 0 0 0 0 1048577 0 0 546 0 0 2048 0 16777216 0 0 0 0 0 0 0 0 0 0 0 0 0 0 0 0 0 0 0 0 0 0 
0 1 0 0 4 64 0 1792 0 32 0 0 0 0 0 0 0 0 0 0 0 0 0 0 0 0 0 0 0 0 0 0 0 1048577 0 0 546 0 0 2048 0 16777216 0 0 0 0 0 0 0 0 0 0 0 0 0 0 0 0 0 0 0 0 0 0 
0 1 0 0 4 64 0 1792 0 32 0 0 0 0 0 0 0 0 0 0 0 0 0 0 0 0 0 0 0 0 0 0 0 1048577 0 0 546 0 0 2048 0 16777216 0 0 0 0 0 0 0 0 0 0 0 0 0 0 0 0 0 0 0 0 0 0 
1 1 0 0 4 64 0 1792 0 32 0 0 0 0 0 0 0 0 0 0 0 0 0 0 0 0 0 0 0 0 0 0 0 1048577 0 0 546 0 0 2048 0 16777216 0 0 0 0 0 0 0 0 0 0 0 0 0 0 0 0 0 0 0 0 0 0 
0 1 0 0 4 64 0 1792 0 32 0 0 0 0 0 0 0 0 0 0 0 0 0 0 0 0 0 0 0 0 0 0 0 1048577 0 0 546 0 0 2048 0 16777216 0 0 0 0 0 0 0 0 0 0 0 0 0 0 0 0 0 0 0 0 0 0 
0 1 0 0 4 64 0 1792 0 32 0 0 0 0 0 0 0 0 0 0 0 0 0 0 0 0 0 0 0 0 0 0 0 1048577 0 0 546 0 0 2048 0 16777216 0 0 0 0 0 0 0 0 0 0 0 0 0 0 0 0 0 0 0 0 0 0 
1 1 1 0 17179869184 64 0 1792 0 32 0 0 0 0 0 0 0 0 0 0 0 0 0 0 0 0 0 0 0 0 0 0 0 47185923 0 1 544 0 0 2048 0 0 0 0 0 0 0 0 0 0 0 0 0 0 0 0 0 0 0 0 0 0 0 0 
0 1 1 0 17179869184 64 0 1792 0 32 0 0 0 0 0 0 0 0 0 0 0 0 0 0 0 0 0 0 0 0 0 0 0 47185923 0 1 544 0 0 2048 0 0 0 0 0 0 0 0 0 0 0 0 0 0 0 0 0 0 0 0 0 0 0 0 
0 1 1 0 17179869184 64 0 1792 0 32 0 0 0 0 0 0 0 0 0 0 0 0 0 0 0 0 0 0 0 0 0 0 0 47185923 0 1 544 0 0 2048 0 0 0 0 0 0 0 0 0 0 0 0 0 0 0 0 0 0 0 0 0 0 0 0 
1 1 0 0 17179869184 64 0 1792 0 32 0 0 1048576 0 0 0 0 0 0 0 0 0 0 0 0 0 0 0 0 0 0 0 0 1048577 0 0 546 0 0 2048 0 16777216 0 0 0 0 0 0 0 0 0 0 0 0 0 0 0 0 0 0 0 0 0 0 
0 1 0 0 17179869184 64 0 1792 0 32 0 0 1048576 0 0 0 0 0 0 0 0 0 0 0 0 0 0 0 0 0 0 0 0 1048577 0 0 546 0 0 2048 0 16777216 0 0 0 0 0 0 0 0 0 0 0 0 0 0 0 0 0 0 0 0 0 0 
0 1 0 0 17179869184 64 0 1792 0 32 0 0 1048576 0 0 0 0 0 0 0 0 0 0 0 0 0 0 0 0 0 0 0 0 1048577 0 0 546 0 0 2048 0 16777216 0 0 0 0 0 0 0 0 0 0 0 0 0 0 0 0 0 0 0 0 0 0 
1 1 0 0 17179869184 64 0 1792 0 32 608 608 512 0 0 0 0 0 0 0 0 0 0 0 0 0 0 0 0 0 0 0 0 1048577 0 0 546 0 0 2048 0 16777216 0 81604378643 0 0 0 0 0 0 0 0 0 0 0 1 0 0 0 0 0 0 0 0 
0 1 0 0 17179869184 64 0 1792 0 32 608 608 512 0 0 0 0 0 0 0 0 0 0 0 0 0 0 0 0 0 0 0 0 1048577 0 0 546 0 0 2048 0 16777216 0 81604378643 0 0 0 0 0 0 0 0 0 0 0 1 0 0 0 0 0 0 0 0 
0 1 0 0 17179869184 64 0 1792 0 32 608 608 512 0 0 0 0 0 0 0 0 0 0 0 0 0 0 0 0 0 0 0 0 1048577 0 0 546 0 0 2048 0 16777216 0 81604378643 0 0 0 0 0 0 0 0 0 0 0 1 0 0 0 0 0 0 0 0 
1 1 0 0 17179869184 64 0 1792 0 32 612 608 512 0 0 0 0 0 0 0 0 0 0 0 0 0 0 0 0 0 0 0 0 1048577 0 0 546 0 0 2048 0 16777216 0 81604378643 0 0 0 0 0 0 0 1 0 0 0 1 0 0 0 0 0 0 0 0 
0 1 0 0 17179869184 64 0 1792 0 32 612 608 512 0 0 0 0 0 0 0 0 0 0 0 0 0 0 0 0 0 0 0 0 1048577 0 0 546 0 0 2048 0 16777216 0 81604378643 0 0 0 0 0 0 0 1 0 0 0 1 0 0 0 0 0 0 0 0 
0 1 0 0 17179869184 64 0 1792 0 32 612 608 512 0 0 0 0 0 0 0 0 0 0 0 0 0 0 0 0 0 0 0 0 1048577 0 0 546 0 0 2048 0 16777216 0 81604378643 0 0 0 0 0 0 0 1 0 0 0 1 0 0 0 0 0 0 0 0 
1 1 0 0 17179869184 64 0 1792 0 32 608 608 0 0 0 0 0 0 0 0 0 0 0 0 0 0 0 0 0 0 0 0 0 1048577 0 0 546 0 0 2048 0 16777216 0 81604378643 0 0 0 0 0 0 0 0 0 0 0 0 0 0 0 0 0 0 0 0 
0 1 0 0 17179869184 64 0 1792 0 32 608 608 0 0 0 0 0 0 0 0 0 0 0 0 0 0 0 0 0 0 0 0 0 1048577 0 0 546 0 0 2048 0 16777216 0 81604378643 0 0 0 0 0 0 0 0 0 0 0 0 0 0 0 0 0 0 0 0 
0 1 0 0 17179869184 64 0 1792 0 32 608 608 0 0 0 0 0 0 0 0 0 0 0 0 0 0 0 0 0 0 0 0 0 1048577 0 0 546 0 0 2048 0 16777216 0 81604378643 0 0 0 0 0 0 0 0 0 0 0 0 0 0 0 0 0 0 0 0 
1 1 0 0 17179869184 64 0 1792 0 32 608 608 0 0 0 0 0 0 0 0 0 0 0 0 0 0 0 0 0 0 0 0 0 1048577 0 0 546 0 0 2048 0 16777216 0 81604378643 0 0 0 0 0 0 0 0 0 0 0 0 0 0 0 0 0 0 0 0 
0 1 0 0 17179869184 64 0 1792 0 32 608 608 0 0 0 0 0 0 0 0 0 0 0 0 0 0 0 0 0 0 0 0 0 1048577 0 0 546 0 0 2048 0 16777216 0 81604378643 0 0 0 0 0 0 0 0 0 0 0 0 0 0 0 0 0 0 0 0 
0 1 0 0 17179869184 64 0 1792 0 32 608 608 0 0 0 0 0 0 0 0 0 0 0 0 0 0 0 0 0 0 0 0 0 1048577 0 0 546 0 0 2048 0 16777216 0 81604378643 0 0 0 0 0 0 0 0 0 0 0 0 0 0 0 0 0 0 0 0 
1 1 0 0 576460769483292672 64 0 1792 0 32 608 608 0 0 0 0 0 0 0 0 0 0 0 0 0 0 0 0 0 0 0 0 0 1048577 0 0 546 0 0 2048 0 16777216 0 81604378643 0 0 0 0 0 0 0 0 0 0 0 0 0 0 0 0 0 0 0 0 
0 1 0 0 576460769483292672 64 0 1792 0 32 608 608 0 0 0 0 0 0 0 0 0 0 0 0 0 0 0 0 0 0 0 0 0 1048577 0 0 546 0 0 2048 0 16777216 0 81604378643 0 0 0 0 0 0 0 0 0 0 0 0 0 0 0 0 0 0 0 0 
0 1 0 0 576460769483292672 64 0 1792 0 32 608 608 0 0 0 0 0 0 0 0 0 0 0 0 0 0 0 0 0 0 0 0 0 1048577 0 0 546 0 0 2048 0 16777216 0 81604378643 0 0 0 0 0 0 0 0 0 0 0 0 0 0 0 0 0 0 0 0 
1 1 0 0 576460769483292672 64 0 1792 0 32 608 608 0 0 0 0 0 0 0 0 0 0 0 0 0 0 0 0 0 0 0 0 0 1048577 0 0 546 0 0 2048 0 16777216 0 81604378643 0 0 0 0 0 0 0 0 0 0 0 0 0 0 0 0 0 0 0 0 
0 1 0 0 576460769483292672 64 0 1792 0 32 608 608 0 0 0 0 0 0 0 0 0 0 0 0 0 0 0 0 0 0 0 0 0 1048577 0 0 546 0 0 2048 0 16777216 0 81604378643 0 0 0 0 0 0 0 0 0 0 0 0 0 0 0 0 0 0 0 0 
0 1 0 0 576460769483292672 64 0 1792 0 32 608 608 0 0 0 0 0 0 0 0 0 0 0 0 0 0 0 0 0 0 0 0 0 1048577 0 0 546 0 0 2048 0 16777216 0 81604378643 0 0 0 0 0 0 0 0 0 0 0 0 0 0 0 0 0 0 0 0 
1 1 0 0 576460769483292672 64 0 1792 0 32 608 608 0 0 0 0 0 0 0 0 0 0 0 0 0 0 0 0 0 0 0 0 0 1048577 0 0 546 0 0 2048 0 16777216 0 81604378643 0 0 0 0 0 0 0 0 0 0 0 0 0 0 0 0 0 0 0 0 
0 1 0 0 576460769483292672 64 0 1792 0 32 608 608 0 0 0 0 0 0 0 0 0 0 0 0 0 0 0 0 0 0 0 0 0 1048577 0 0 546 0 0 2048 0 16777216 0 81604378643 0 0 0 0 0 0 0 0 0 0 0 0 0 0 0 0 0 0 0 0 
0 1 0 0 576460769483292672 64 0 1792 0 32 608 608 0 0 0 0 0 0 0 0 0 0 0 0 0 0 0 0 0 0 0 0 0 1048577 0 0 546 0 0 2048 0 16777216 0 81604378643 0 0 0 0 0 0 0 0 0 0 0 0 0 0 0 0 0 0 0 0 
1 1 1 0 17179869312 64 0 1792 0 32 608 608 0 0 0 0 0 0 0 0 0 0 0 0 0 0 0 0 0 0 0 0 0 47185923 32 1 544 0 0 2048 0 0 0 81604378643 0 0 0 0 0 0 0 0 0 0 0 0 0 0 0 0 0 0 0 0 
0 1 1 0 17179869312 64 0 1792 0 32 608 608 0 0 0 0 0 0 0 0 0 0 0 0 0 0 0 0 0 0 0 0 0 47185923 32 1 544 0 0 2048 0 0 0 81604378643 0 0 0 0 0 0 0 0 0 0 0 0 0 0 0 0 0 0 0 0 
0 1 1 0 17179869312 64 0 1792 0 32 608 608 0 0 0 0 0 0 0 0 0 0 0 0 0 0 0 0 0 0 0 0 0 47185923 32 1 544 0 0 2048 0 0 0 81604378643 0 0 0 0 0 0 0 0 0 0 0 0 0 0 0 0 0 0 0 0 
1 1 0 0 17179869312 64 0 1792 0 32 608 608 1048576 0 0 0 0 0 0 0 0 0 0 0 0 0 0 0 0 0 0 0 0 1048577 0 0 546 0 0 2048 0 16777216 0 81604378643 0 0 0 0 0 0 0 0 0 0 0 0 0 0 0 0 0 0 0 0 
0 1 0 0 17179869312 64 0 1792 0 32 608 608 1048576 0 0 0 0 0 0 0 0 0 0 0 0 0 0 0 0 0 0 0 0 1048577 0 0 546 0 0 2048 0 16777216 0 81604378643 0 0 0 0 0 0 0 0 0 0 0 0 0 0 0 0 0 0 0 0 
0 1 0 0 17179869312 64 0 1792 0 32 608 608 1048576 0 0 0 0 0 0 0 0 0 0 0 0 0 0 0 0 0 0 0 0 1048577 0 0 546 0 0 2048 0 16777216 0 81604378643 0 0 0 0 0 0 0 0 0 0 0 0 0 0 0 0 0 0 0 0 
1 1 0 0 17179869312 64 0 1792 0 32 608 608 512 0 0 0 0 0 0 0 0 0 0 0 0 0 0 0 0 0 0 0 0 1048577 0 0 546 0 0 2048 0 16777216 0 81604378643 0 0 0 0 0 0 0 0 0 0 0 1 0 0 0 0 0 0 0 0 
0 1 0 0 17179869312 64 0 1792 0 32 608 608 512 0 0 0 0 0 0 0 0 0 0 0 0 0 0 0 0 0 0 0 0 1048577 0 0 546 0 0 2048 0 16777216 0 81604378643 0 0 0 0 0 0 0 0 0 0 0 1 0 0 0 0 0 0 0 0 
0 1 0 0 17179869312 64 0 1792 0 32 608 608 512 0 0 0 0 0 0 0 0 0 0 0 0 0 0 0 0 0 0 0 0 1048577 0 0 546 0 0 2048 0 16777216 0 81604378643 0 0 0 0 0 0 0 0 0 0 0 1 0 0 0 0 0 0 0 0 
1 1 0 0 17179869312 64 0 1792 0 32 612 608 512 0 0 0 0 0 0 0 0 0 0 0 0 0 0 0 0 0 0 0 0 1048577 0 0 546 0 0 2048 0 16777216 0 81604378643 0 0 0 0 0 0 0 1 0 0 0 1 0 0 0 0 0 0 0 0 
0 1 0 0 17179869312 64 0 1792 0 32 612 608 512 0 0 0 0 0 0 0 0 0 0 0 0 0 0 0 0 0 0 0 0 1048577 0 0 546 0 0 2048 0 16777216 0 81604378643 0 0 0 0 0 0 0 1 0 0 0 1 0 0 0 0 0 0 0 0 
0 1 0 0 17179869312 64 0 1792 0 32 612 608 512 0 0 0 0 0 0 0 0 0 0 0 0 0 0 0 0 0 0 0 0 1048577 0 0 546 0 0 2048 0 16777216 0 81604378643 0 0 0 0 0 0 0 1 0 0 0 1 0 0 0 0 0 0 0 0 
1 1 0 0 17179869312 64 0 1792 0 32 608 608 0 0 0 0 0 0 0 0 0 0 0 0 0 0 0 0 0 0 0 0 0 1048577 0 0 546 0 0 2048 0 16777216 0 81604378643 0 0 0 0 0 0 0 0 0 0 0 0 0 0 0 0 0 0 0 0 
0 1 0 0 17179869312 64 0 1792 0 32 608 608 0 0 0 0 0 0 0 0 0 0 0 0 0 0 0 0 0 0 0 0 0 1048577 0 0 546 0 0 2048 0 16777216 0 81604378643 0 0 0 0 0 0 0 0 0 0 0 0 0 0 0 0 0 0 0 0 
0 1 0 0 17179869312 64 0 1792 0 32 608 608 0 0 0 0 0 0 0 0 0 0 0 0 0 0 0 0 0 0 0 0 0 1048577 0 0 546 0 0 2048 0 16777216 0 81604378643 0 0 0 0 0 0 0 0 0 0 0 0 0 0 0 0 0 0 0 0 
1 1 0 0 17179869312 64 0 1792 0 32 608 608 0 0 0 0 0 0 0 0 0 0 0 0 0 0 0 0 0 0 0 0 0 1048577 0 0 546 0 0 2048 0 16777216 0 81604378643 0 0 0 0 0 0 0 0 0 0 0 0 0 0 0 0 0 0 0 0 
0 1 0 0 17179869312 64 0 1792 0 32 608 608 0 0 0 0 0 0 0 0 0 0 0 0 0 0 0 0 0 0 0 0 0 1048577 0 0 546 0 0 2048 0 16777216 0 81604378643 0 0 0 0 0 0 0 0 0 0 0 0 0 0 0 0 0 0 0 0 
0 1 0 0 17179869312 64 0 1792 0 32 608 608 0 0 0 0 0 0 0 0 0 0 0 0 0 0 0 0 0 0 0 0 0 1048577 0 0 546 0 0 2048 0 16777216 0 81604378643 0 0 0 0 0 0 0 0 0 0 0 0 0 0 0 0 0 0 0 0 
1 1 0 0 576460769483292800 64 0 1792 0 32 608 608 0 0 0 0 0 0 0 0 0 0 0 0 0 0 0 0 0 0 0 0 0 1048577 0 0 546 0 0 2048 0 16777216 0 81604378643 0 0 0 0 0 0 0 0 0 0 0 0 0 0 0 0 0 0 0 0 
0 1 0 0 576460769483292800 64 0 1792 0 32 608 608 0 0 0 0 0 0 0 0 0 0 0 0 0 0 0 0 0 0 0 0 0 1048577 0 0 546 0 0 2048 0 16777216 0 81604378643 0 0 0 0 0 0 0 0 0 0 0 0 0 0 0 0 0 0 0 0 
0 1 0 0 576460769483292800 64 0 1792 0 32 608 608 0 0 0 0 0 0 0 0 0 0 0 0 0 0 0 0 0 0 0 0 0 1048577 0 0 546 0 0 2048 0 16777216 0 81604378643 0 0 0 0 0 0 0 0 0 0 0 0 0 0 0 0 0 0 0 0 
1 1 0 0 576460769483292800 64 0 1792 0 32 608 608 0 0 0 0 0 0 0 0 0 0 0 0 0 0 0 0 0 0 0 0 0 1048577 0 0 546 0 0 2048 0 16777216 0 81604378643 0 0 0 0 0 0 0 0 0 0 0 0 0 0 0 0 0 0 0 0 
0 1 0 0 576460769483292800 64 0 1792 0 32 608 608 0 0 0 0 0 0 0 0 0 0 0 0 0 0 0 0 0 0 0 0 0 1048577 0 0 546 0 0 2048 0 16777216 0 81604378643 0 0 0 0 0 0 0 0 0 0 0 0 0 0 0 0 0 0 0 0 
0 1 0 0 576460769483292800 64 0 1792 0 32 608 608 0 0 0 0 0 0 0 0 0 0 0 0 0 0 0 0 0 0 0 0 0 1048577 0 0 546 0 0 2048 0 16777216 0 81604378643 0 0 0 0 0 0 0 0 0 0 0 0 0 0 0 0 0 0 0 0 
1 1 0 0 576460769483292800 64 0 1792 0 32 608 608 0 0 0 0 0 0 0 0 0 0 0 0 0 0 0 0 0 0 0 0 0 1048577 0 0 546 0 0 2048 0 16777216 0 81604378643 0 0 0 0 0 0 0 0 0 0 0 0 0 0 0 0 0 0 0 0 
0 1 0 0 576460769483292800 64 0 1792 0 32 608 608 0 0 0 0 0 0 0 0 0 0 0 0 0 0 0 0 0 0 0 0 0 1048577 0 0 546 0 0 2048 0 16777216 0 81604378643 0 0 0 0 0 0 0 0 0 0 0 0 0 0 0 0 0 0 0 0 
0 1 0 0 576460769483292800 64 0 1792 0 32 608 608 0 0 0 0 0 0 0 0 0 0 0 0 0 0 0 0 0 0 0 0 0 1048577 0 0 546 0 0 2048 0 16777216 0 81604378643 0 0 0 0 0 0 0 0 0 0 0 0 0 0 0 0 0 0 0 0 
1 1 1 0 17179869440 64 0 1792 0 32 608 608 0 0 0 0 0 0 0 0 0 0 0 0 0 0 0 0 0 0 0 0 0 47185923 64 1 544 0 0 2048 0 0 0 81604378643 0 0 0 0 0 0 0 0 0 0 0 0 0 0 0 0 0 0 0 0 
0 1 1 0 17179869440 64 0 1792 0 32 608 608 0 0 0 0 0 0 0 0 0 0 0 0 0 0 0 0 0 0 0 0 0 47185923 64 1 544 0 0 2048 0 0 0 81604378643 0 0 0 0 0 0 0 0 0 0 0 0 0 0 0 0 0 0 0 0 
0 1 1 0 17179869440 64 0 1792 0 32 608 608 0 0 0 0 0 0 0 0 0 0 0 0 0 0 0 0 0 0 0 0 0 47185923 64 1 544 0 0 2048 0 0 0 81604378643 0 0 0 0 0 0 0 0 0 0 0 0 0 0 0 0 0 0 0 0 
1 1 0 0 17179869440 64 0 1792 0 32 608 608 1048576 0 0 0 0 0 0 0 0 0 0 0 0 0 0 0 0 0 0 0 0 1048577 0 0 546 0 0 2048 0 16777216 0 81604378643 0 0 0 0 0 0 0 0 0 0 0 0 0 0 0 0 0 0 0 0 
0 1 0 0 17179869440 64 0 1792 0 32 608 608 1048576 0 0 0 0 0 0 0 0 0 0 0 0 0 0 0 0 0 0 0 0 1048577 0 0 546 0 0 2048 0 16777216 0 81604378643 0 0 0 0 0 0 0 0 0 0 0 0 0 0 0 0 0 0 0 0 
0 1 0 0 17179869440 64 0 1792 0 32 608 608 1048576 0 0 0 0 0 0 0 0 0 0 0 0 0 0 0 0 0 0 0 0 1048577 0 0 546 0 0 2048 0 16777216 0 81604378643 0 0 0 0 0 0 0 0 0 0 0 0 0 0 0 0 0 0 0 0 
1 1 0 0 17179869440 64 0 1792 0 32 608 608 512 0 0 0 0 0 0 0 0 0 0 0 0 0 0 0 0 0 0 0 0 1048577 0 0 546 0 0 2048 0 16777216 0 81604378643 0 0 0 0 0 0 0 0 0 0 0 1 0 0 0 0 0 0 0 0 
0 1 0 0 17179869440 64 0 1792 0 32 608 608 512 0 0 0 0 0 0 0 0 0 0 0 0 0 0 0 0 0 0 0 0 1048577 0 0 546 0 0 2048 0 16777216 0 81604378643 0 0 0 0 0 0 0 0 0 0 0 1 0 0 0 0 0 0 0 0 
0 1 0 0 17179869440 64 0 1792 0 32 608 608 512 0 0 0 0 0 0 0 0 0 0 0 0 0 0 0 0 0 0 0 0 1048577 0 0 546 0 0 2048 0 16777216 0 81604378643 0 0 0 0 0 0 0 0 0 0 0 1 0 0 0 0 0 0 0 0 
1 1 0 0 17179869440 64 0 1792 0 32 612 598752 512 0 0 0 0 0 0 0 0 0 0 0 0 0 0 0 0 0 0 0 0 1048577 0 0 546 0 0 2048 0 16777216 0 80363133075475 0 0 0 0 0 0 0 1 0 0 0 1 0 0 0 0 0 0 0 0 
0 1 0 0 17179869440 64 0 1792 0 32 612 598752 512 0 0 0 0 0 0 0 0 0 0 0 0 0 0 0 0 0 0 0 0 1048577 0 0 546 0 0 2048 0 16777216 0 80363133075475 0 0 0 0 0 0 0 1 0 0 0 1 0 0 0 0 0 0 0 0 
0 1 0 0 17179869440 64 0 1792 0 32 612 598752 512 0 0 0 0 0 0 0 0 0 0 0 0 0 0 0 0 0 0 0 0 1048577 0 0 546 0 0 2048 0 16777216 0 80363133075475 0 0 0 0 0 0 0 1 0 0 0 1 0 0 0 0 0 0 0 0 
1 1 0 0 17179869440 64 0 1792 0 32 608 598752 0 0 0 0 0 0 0 0 0 0 0 0 0 0 0 0 0 0 0 0 0 1048577 0 0 546 0 0 2048 0 16777216 0 80363133075475 0 0 0 0 0 0 0 0 0 0 0 0 0 0 0 0 0 0 0 0 
0 1 0 0 17179869440 64 0 1792 0 32 608 598752 0 0 0 0 0 0 0 0 0 0 0 0 0 0 0 0 0 0 0 0 0 1048577 0 0 546 0 0 2048 0 16777216 0 80363133075475 0 0 0 0 0 0 0 0 0 0 0 0 0 0 0 0 0 0 0 0 
0 1 0 0 17179869440 64 0 1792 0 32 608 598752 0 0 0 0 0 0 0 0 0 0 0 0 0 0 0 0 0 0 0 0 0 1048577 0 0 546 0 0 2048 0 16777216 0 80363133075475 0 0 0 0 0 0 0 0 0 0 0 0 0 0 0 0 0 0 0 0 
1 1 0 0 17179869440 64 0 1792 0 32 608 598752 0 0 0 0 0 0 0 0 0 0 0 0 0 0 0 0 0 0 0 0 0 1048577 0 0 546 0 0 2048 0 16777216 0 80363133075475 0 0 0 0 0 0 0 0 0 0 0 0 0 0 0 0 0 0 0 0 
0 1 0 0 17179869440 64 0 1792 0 32 608 598752 0 0 0 0 0 0 0 0 0 0 0 0 0 0 0 0 0 0 0 0 0 1048577 0 0 546 0 0 2048 0 16777216 0 80363133075475 0 0 0 0 0 0 0 0 0 0 0 0 0 0 0 0 0 0 0 0 
0 1 0 0 17179869440 64 0 1792 0 32 608 598752 0 0 0 0 0 0 0 0 0 0 0 0 0 0 0 0 0 0 0 0 0 1048577 0 0 546 0 0 2048 0 16777216 0 80363133075475 0 0 0 0 0 0 0 0 0 0 0 0 0 0 0 0 0 0 0 0 
1 1 0 0 576460769483292928 64 0 1792 0 32 608 598752 0 0 0 0 0 0 0 0 0 0 0 0 0 0 0 0 0 0 0 0 0 1048577 0 0 546 0 0 2048 0 16777216 0 80363133075475 0 0 0 0 0 0 0 0 0 0 0 0 0 0 0 0 0 0 0 0 
0 1 0 0 576460769483292928 64 0 1792 0 32 608 598752 0 0 0 0 0 0 0 0 0 0 0 0 0 0 0 0 0 0 0 0 0 1048577 0 0 546 0 0 2048 0 16777216 0 80363133075475 0 0 0 0 0 0 0 0 0 0 0 0 0 0 0 0 0 0 0 0 
0 1 0 0 576460769483292928 64 0 1792 0 32 608 598752 0 0 0 0 0 0 0 0 0 0 0 0 0 0 0 0 0 0 0 0 0 1048577 0 0 546 0 0 2048 0 16777216 0 80363133075475 0 0 0 0 0 0 0 0 0 0 0 0 0 0 0 0 0 0 0 0 
1 1 0 0 576460769483292928 64 0 1792 0 32 608 598752 0 0 0 0 0 0 0 0 0 0 0 0 0 0 0 0 0 0 0 0 0 1048577 0 0 546 0 0 2048 0 16777216 0 80363133075475 0 0 0 0 0 0 0 0 0 0 0 0 0 0 0 0 0 0 0 0 
0 1 0 0 576460769483292928 64 0 1792 0 32 608 598752 0 0 0 0 0 0 0 0 0 0 0 0 0 0 0 0 0 0 0 0 0 1048577 0 0 546 0 0 2048 0 16777216 0 80363133075475 0 0 0 0 0 0 0 0 0 0 0 0 0 0 0 0 0 0 0 0 
0 1 0 0 576460769483292928 64 0 1792 0 32 608 598752 0 0 0 0 0 0 0 0 0 0 0 0 0 0 0 0 0 0 0 0 0 1048577 0 0 546 0 0 2048 0 16777216 0 80363133075475 0 0 0 0 0 0 0 0 0 0 0 0 0 0 0 0 0 0 0 0 
1 1 0 0 576460769483292928 64 0 1792 0 32 608 598752 0 0 0 0 0 0 0 0 0 0 0 0 0 0 0 0 0 0 0 0 0 1048577 0 0 546 0 0 2048 0 16777216 0 80363133075475 0 0 0 0 0 0 0 0 0 0 0 0 0 0 0 0 0 0 0 0 
0 1 0 0 576460769483292928 64 0 1792 0 32 608 598752 0 0 0 0 0 0 0 0 0 0 0 0 0 0 0 0 0 0 0 0 0 1048577 0 0 546 0 0 2048 0 16777216 0 80363133075475 0 0 0 0 0 0 0 0 0 0 0 0 0 0 0 0 0 0 0 0 
0 1 0 0 576460769483292928 64 0 1792 0 32 608 598752 0 0 0 0 0 0 0 0 0 0 0 0 0 0 0 0 0 0 0 0 0 1048577 0 0 546 0 0 2048 0 16777216 0 80363133075475 0 0 0 0 0 0 0 0 0 0 0 0 0 0 0 0 0 0 0 0 
1 1 1 0 17179869568 64 0 1792 0 32 608 598752 0 0 0 0 0 0 0 0 0 0 0 0 0 0 0 0 0 0 0 0 0 47185923 96 1 544 0 0 2048 0 0 0 80363133075475 0 0 0 0 0 0 0 0 0 0 0 0 0 0 0 0 0 0 0 0 
0 1 1 0 17179869568 64 0 1792 0 32 608 598752 0 0 0 0 0 0 0 0 0 0 0 0 0 0 0 0 0 0 0 0 0 47185923 96 1 544 0 0 2048 0 0 0 80363133075475 0 0 0 0 0 0 0 0 0 0 0 0 0 0 0 0 0 0 0 0 
0 1 1 0 17179869568 64 0 1792 0 32 608 598752 0 0 0 0 0 0 0 0 0 0 0 0 0 0 0 0 0 0 0 0 0 47185923 96 1 544 0 0 2048 0 0 0 80363133075475 0 0 0 0 0 0 0 0 0 0 0 0 0 0 0 0 0 0 0 0 
1 1 0 0 17179869568 64 0 1792 0 32 608 598752 1048576 0 0 0 0 0 0 0 0 0 0 0 0 0 0 0 0 0 0 0 0 1048577 0 0 546 0 0 2048 0 16777216 0 80363133075475 0 0 0 0 0 0 0 0 0 0 0 0 0 0 0 0 0 0 0 0 
0 1 0 0 17179869568 64 0 1792 0 32 608 598752 1048576 0 0 0 0 0 0 0 0 0 0 0 0 0 0 0 0 0 0 0 0 1048577 0 0 546 0 0 2048 0 16777216 0 80363133075475 0 0 0 0 0 0 0 0 0 0 0 0 0 0 0 0 0 0 0 0 
0 1 0 0 17179869568 64 0 1792 0 32 608 598752 1048576 0 0 0 0 0 0 0 0 0 0 0 0 0 0 0 0 0 0 0 0 1048577 0 0 546 0 0 2048 0 16777216 0 80363133075475 0 0 0 0 0 0 0 0 0 0 0 0 0 0 0 0 0 0 0 0 
1 1 0 0 17179869568 64 0 1792 0 32 3105956448 19316863 512 0 0 0 0 0 0 0 0 0 0 0 0 0 0 0 0 0 0 0 0 1048577 0 0 546 0 0 2048 0 16777216 0 2592665561008403 0 0 0 0 0 0 0 0 0 0 0 1 0 0 0 0 0 0 0 0 
0 1 0 0 17179869568 64 0 1792 0 32 3105956448 19316863 512 0 0 0 0 0 0 0 0 0 0 0 0 0 0 0 0 0 0 0 0 1048577 0 0 546 0 0 2048 0 16777216 0 2592665561008403 0 0 0 0 0 0 0 0 0 0 0 1 0 0 0 0 0 0 0 0 
0 1 0 0 17179869568 64 0 1792 0 32 3105956448 19316863 512 0 0 0 0 0 0 0 0 0 0 0 0 0 0 0 0 0 0 0 0 1048577 0 0 546 0 0 2048 0 16777216 0 2592665561008403 0 0 0 0 0 0 0 0 0 0 0 1 0 0 0 0 0 0 0 0 
1 1 0 0 17179869568 64 0 1792 0 32 3547907812 612 512 0 0 0 0 0 0 0 0 4294836224 31 0 0 0 0 0 0 0 0 0 0 1048577 0 0 546 0 0 2048 0 16777216 4294963200 82252121655 0 0 0 0 0 0 0 1 0 0 0 1 0 0 0 0 0 0 0 0 
0 1 0 0 17179869568 64 0 1792 0 32 3547907812 612 512 0 0 0 0 0 0 0 0 4294836224 31 0 0 0 0 0 0 0 0 0 0 1048577 0 0 546 0 0 2048 0 16777216 4294963200 82252121655 0 0 0 0 0 0 0 1 0 0 0 1 0 0 0 0 0 0 0 0 
0 1 0 0 17179869568 64 0 1792 0 32 3547907812 612 512 0 0 0 0 0 0 0 0 4294836224 31 0 0 0 0 0 0 0 0 0 0 1048577 0 0 546 0 0 2048 0 16777216 4294963200 82252121655 0 0 0 0 0 0 0 1 0 0 0 1 0 0 0 0 0 0 0 0 
1 1 0 0 17179869568 64 0 1792 0 32 3547907808 612 0 0 0 0 0 0 0 0 0 4294836224 31 0 0 0 0 0 0 0 0 0 0 1048577 0 0 546 0 0 2048 0 16777216 4294963200 82252121655 0 0 0 0 0 0 0 0 0 0 0 0 0 0 0 0 0 0 0 0 
0 1 0 0 17179869568 64 0 1792 0 32 3547907808 612 0 0 0 0 0 0 0 0 0 4294836224 31 0 0 0 0 0 0 0 0 0 0 1048577 0 0 546 0 0 2048 0 16777216 4294963200 82252121655 0 0 0 0 0 0 0 0 0 0 0 0 0 0 0 0 0 0 0 0 
0 1 0 0 17179869568 64 0 1792 0 32 3547907808 612 0 0 0 0 0 0 0 0 0 4294836224 31 0 0 0 0 0 0 0 0 0 0 1048577 0 0 546 0 0 2048 0 16777216 4294963200 82252121655 0 0 0 0 0 0 0 0 0 0 0 0 0 0 0 0 0 0 0 0 
1 1 0 0 17179869568 64 0 1792 0 32 3547907808 612 0 0 0 0 0 0 0 0 0 4294836224 31 0 0 0 0 0 0 0 0 0 0 1048577 0 0 546 0 0 2048 0 16777216 4294963200 82252121655 0 0 0 0 0 0 0 0 0 0 0 0 0 0 0 0 0 0 0 0 
0 1 0 0 17179869568 64 0 1792 0 32 3547907808 612 0 0 0 0 0 0 0 0 0 4294836224 31 0 0 0 0 0 0 0 0 0 0 1048577 0 0 546 0 0 2048 0 16777216 4294963200 82252121655 0 0 0 0 0 0 0 0 0 0 0 0 0 0 0 0 0 0 0 0 
0 1 0 0 17179869568 64 0 1792 0 32 3547907808 612 0 0 0 0 0 0 0 0 0 4294836224 31 0 0 0 0 0 0 0 0 0 0 1048577 0 0 546 0 0 2048 0 16777216 4294963200 82252121655 0 0 0 0 0 0 0 0 0 0 0 0 0 0 0 0 0 0 0 0 
1 1 0 0 576460769483293056 64 0 1792 0 32 3547907808 612 0 0 0 0 0 0 0 0 0 4294836224 31 0 0 0 0 0 0 0 0 0 0 1048577 0 0 546 0 0 2048 0 16777216 4294963200 82252121655 0 0 0 0 0 0 0 0 0 0 0 0 0 0 0 0 0 0 0 0 
0 1 0 0 576460769483293056 64 0 1792 0 32 3547907808 612 0 0 0 0 0 0 0 0 0 4294836224 31 0 0 0 0 0 0 0 0 0 0 1048577 0 0 546 0 0 2048 0 16777216 4294963200 82252121655 0 0 0 0 0 0 0 0 0 0 0 0 0 0 0 0 0 0 0 0 
0 1 0 0 576460769483293056 64 0 1792 0 32 3547907808 612 0 0 0 0 0 0 0 0 0 4294836224 31 0 0 0 0 0 0 0 0 0 0 1048577 0 0 546 0 0 2048 0 16777216 4294963200 82252121655 0 0 0 0 0 0 0 0 0 0 0 0 0 0 0 0 0 0 0 0 
1 1 0 0 576460769483293056 64 0 1792 0 32 3547907808 612 0 0 0 0 0 0 0 0 0 4294836224 31 0 0 0 0 0 0 0 0 0 0 1048577 0 0 546 0 0 2048 0 16777216 4294963200 82252121655 0 0 0 0 0 0 0 0 0 0 0 0 0 0 0 0 0 0 0 0 
0 1 0 0 576460769483293056 64 0 1792 0 32 3547907808 612 0 0 0 0 0 0 0 0 0 4294836224 31 0 0 0 0 0 0 0 0 0 0 1048577 0 0 546 0 0 2048 0 16777216 4294963200 82252121655 0 0 0 0 0 0 0 0 0 0 0 0 0 0 0 0 0 0 0 0 
0 1 0 0 576460769483293056 64 0 1792 0 32 3547907808 612 0 0 0 0 0 0 0 0 0 4294836224 31 0 0 0 0 0 0 0 0 0 0 1048577 0 0 546 0 0 2048 0 16777216 4294963200 82252121655 0 0 0 0 0 0 0 0 0 0 0 0 0 0 0 0 0 0 0 0 
1 1 0 0 576460769483293056 64 0 1792 0 32 3547907808 612 0 0 0 0 0 0 0 0 0 4294836224 31 0 0 0 0 0 0 0 0 0 0 1048577 0 0 546 0 0 2048 0 16777216 4294963200 82252121655 0 0 0 0 0 0 0 0 0 0 0 0 0 0 0 0 0 0 0 0 
0 1 0 0 576460769483293056 64 0 1792 0 32 3547907808 612 0 0 0 0 0 0 0 0 0 4294836224 31 0 0 0 0 0 0 0 0 0 0 1048577 0 0 546 0 0 2048 0 16777216 4294963200 82252121655 0 0 0 0 0 0 0 0 0 0 0 0 0 0 0 0 0 0 0 0 
0 1 0 0 576460769483293056 64 0 1792 0 32 3547907808 612 0 0 0 0 0 0 0 0 0 4294836224 31 0 0 0 0 0 0 0 0 0 0 1048577 0 0 546 0 0 2048 0 16777216 4294963200 82252121655 0 0 0 0 0 0 0 0 0 0 0 0 0 0 0 0 0 0 0 0 
1 1 1 0 17179869696 64 0 1792 0 32 3547907808 612 0 1 0 0 0 0 0 0 0 4294836224 31 0 46137346 192 1 1090 0 262144 0 0 16777216 47185923 128 1 544 0 0 2048 0 0 4294963200 82252121655 0 0 0 0 0 0 0 0 0 0 0 0 0 0 0 0 0 0 0 0 
0 1 1 0 17179869696 64 0 1792 0 32 3547907808 612 0 1 0 0 0 0 0 0 0 4294836224 31 0 46137346 192 1 1090 0 262144 0 0 16777216 47185923 128 1 544 0 0 2048 0 0 4294963200 82252121655 0 0 0 0 0 0 0 0 0 0 0 0 0 0 0 0 0 0 0 0 
0 1 1 0 17179869696 64 0 1792 0 32 3547907808 612 0 1 0 0 0 0 0 0 0 4294836224 31 0 46137346 192 1 1090 0 262144 0 0 16777216 47185923 128 1 544 0 0 2048 0 0 4294963200 82252121655 0 0 0 0 0 0 0 0 0 0 0 0 0 0 0 0 0 0 0 0 
1 1 0 0 17179869696 64 0 1792 0 32 3547907808 612 1048576 1 0 0 0 0 0 0 0 4294836224 31 3670016 46137346 224 1 1090 0 262144 0 0 16777216 1048577 0 0 546 0 0 2048 0 16777216 4294963200 82252121655 0 0 1 0 0 0 0 0 0 0 0 0 0 0 1 0 0 0 0 0 
0 1 0 0 17179869696 64 0 1792 0 32 3547907808 612 1048576 1 0 0 0 0 0 0 0 4294836224 31 3670016 46137346 224 1 1090 0 262144 0 0 16777216 1048577 0 0 546 0 0 2048 0 16777216 4294963200 82252121655 0 0 1 0 0 0 0 0 0 0 0 0 0 0 1 0 0 0 0 0 
0 1 0 0 17179869696 64 0 1792 0 32 3547907808 612 1048576 1 0 0 0 0 0 0 0 4294836224 31 3670016 46137346 224 1 1090 0 262144 0 0 16777216 1048577 0 0 546 0 0 2048 0 16777216 4294963200 82252121655 0 0 1 0 0 0 0 0 0 0 0 0 0 0 1 0 0 0 0 0 
1 1 0 0 17179869696 64 0 1792 0 32 608 263264 512 1 1 1729382274090140548 4294967295 4294967295 4294967295 4294967295 111 4294967268 4294967295 3949119 46661635 4294967294 33554431 4294966758 4294967295 115867647 4278215680 4294967295 50397183 1048577 0 0 546 0 0 2048 0 16777216 18446744073709551615 35334695944211 0 0 1 0 1 0 1 0 0 0 1 1 0 0 1 0 1 0 0 1 
0 1 0 0 17179869696 64 0 1792 0 32 608 263264 512 1 1 1729382274090140548 4294967295 4294967295 4294967295 4294967295 111 4294967268 4294967295 3949119 46661635 4294967294 33554431 4294966758 4294967295 115867647 4278215680 4294967295 50397183 1048577 0 0 546 0 0 2048 0 16777216 18446744073709551615 35334695944211 0 0 1 0 1 0 1 0 0 0 1 1 0 0 1 0 1 0 0 1 
0 1 0 0 17179869696 64 0 1792 0 32 608 263264 512 1 1 1729382274090140548 4294967295 4294967295 4294967295 4294967295 111 4294967268 4294967295 3949119 46661635 4294967294 33554431 4294966758 4294967295 115867647 4278215680 4294967295 50397183 1048577 0 0 546 0 0 2048 0 16777216 18446744073709551615 35334695944211 0 0 1 0 1 0 1 0 0 0 1 1 0 0 1 0 1 0 0 1 
1 1 0 1 17179869696 16 0 4194304 128 60 3556 0 512 1 1 1729382274090140612 4294967295 4294967295 4294967295 4294967295 127 4294967268 4294967295 3949119 46661635 4294967294 33554431 4294966758 4294967295 115867647 4278248448 4294967295 50397183 47185923 32768 1 546 0 0 59392 8388672 16777216 18446744073709551615 111 0 0 1 0 1 0 1 1 0 0 1 1 0 0 1 0 1 0 0 1 
0 1 0 1 17179869696 16 0 4194304 128 60 3556 0 512 1 1 1729382274090140612 4294967295 4294967295 4294967295 4294967295 127 4294967268 4294967295 3949119 46661635 4294967294 33554431 4294966758 4294967295 115867647 4278248448 4294967295 50397183 47185923 32768 1 546 0 0 59392 8388672 16777216 18446744073709551615 111 0 0 1 0 1 0 1 1 0 0 1 1 0 0 1 0 1 0 0 1 
0 1 0 1 17179869696 16 0 4194304 128 60 3556 0 512 1 1 1729382274090140612 4294967295 4294967295 4294967295 4294967295 127 4294967268 4294967295 3949119 46661635 4294967294 33554431 4294966758 4294967295 115867647 4278248448 4294967295 50397183 47185923 32768 1 546 0 0 59392 8388672 16777216 18446744073709551615 111 0 0 1 0 1 0 1 1 0 0 1 1 0 0 1 0 1 0 0 1 
1 1 0 0 17179869696 64 0 1792 0 32 3552 0 1048576 1 1 2305843009213693892 4294967295 4294967295 4294967295 4294967295 111 4294967268 4294967295 3981951 46661635 4294967294 33554431 4294966758 4294967295 115867647 4278215680 4294967295 50397183 1048577 0 0 546 0 0 2048 0 16777216 18446744073709551615 111 0 0 1 0 3 0 1 0 0 0 1 0 0 0 1 0 3 0 0 1 
0 1 0 0 17179869696 64 0 1792 0 32 3552 0 1048576 1 1 2305843009213693892 4294967295 4294967295 4294967295 4294967295 111 4294967268 4294967295 3981951 46661635 4294967294 33554431 4294966758 4294967295 115867647 4278215680 4294967295 50397183 1048577 0 0 546 0 0 2048 0 16777216 18446744073709551615 111 0 0 1 0 3 0 1 0 0 0 1 0 0 0 1 0 3 0 0 1 
0 1 0 0 17179869696 64 0 1792 0 32 3552 0 1048576 1 1 2305843009213693892 4294967295 4294967295 4294967295 4294967295 111 4294967268 4294967295 3981951 46661635 4294967294 33554431 4294966758 4294967295 115867647 4278215680 4294967295 50397183 1048577 0 0 546 0 0 2048 0 16777216 18446744073709551615 111 0 0 1 0 3 0 1 0 0 0 1 0 0 0 1 0 3 0 0 1 
1 1 0 0 17179869696 64 0 1792 0 32 0 0 544 1 1 2305843009213693892 4294967295 4294967295 4294967295 4294967295 111 4294967268 4294967295 3981951 46661635 4294967294 33554431 4294966758 4294967295 115867647 4278215680 4294967295 50397183 1048577 0 0 546 0 0 2048 0 16777216 18446744073709551615 0 0 0 1 0 3 1 1 0 0 0 1 1 0 0 1 0 3 0 0 1 
0 1 0 0 17179869696 64 0 1792 0 32 0 0 544 1 1 2305843009213693892 4294967295 4294967295 4294967295 4294967295 111 4294967268 4294967295 3981951 46661635 4294967294 33554431 4294966758 4294967295 115867647 4278215680 4294967295 50397183 1048577 0 0 546 0 0 2048 0 16777216 18446744073709551615 0 0 0 1 0 3 1 1 0 0 0 1 1 0 0 1 0 3 0 0 1 
0 1 0 0 17179869696 64 0 1792 0 32 0 0 544 1 1 2305843009213693892 4294967295 4294967295 4294967295 4294967295 111 4294967268 4294967295 3981951 46661635 4294967294 33554431 4294966758 4294967295 115867647 4278215680 4294967295 50397183 1048577 0 0 546 0 0 2048 0 16777216 18446744073709551615 0 0 0 1 0 3 1 1 0 0 0 1 1 0 0 1 0 3 0 0 1 
1 1 0 0 576460769483293184 64 0 1792 0 32 4 0 544 1 1 2305843009213693892 4294967295 4294967295 4294967295 4294967295 111 4294967268 4294967295 3981951 46661635 4294967294 33554431 4294966758 4294967295 115867647 4278215680 4294967295 50397183 1048577 0 0 546 0 0 2048 0 16777216 18446744073709551615 0 0 0 1 0 3 1 1 1 0 0 1 1 0 0 1 0 3 0 0 1 
0 1 0 0 576460769483293184 64 0 1792 0 32 4 0 544 1 1 2305843009213693892 4294967295 4294967295 4294967295 4294967295 111 4294967268 4294967295 3981951 46661635 4294967294 33554431 4294966758 4294967295 115867647 4278215680 4294967295 50397183 1048577 0 0 546 0 0 2048 0 16777216 18446744073709551615 0 0 0 1 0 3 1 1 1 0 0 1 1 0 0 1 0 3 0 0 1 
0 1 0 0 576460769483293184 64 0 1792 0 32 4 0 544 1 1 2305843009213693892 4294967295 4294967295 4294967295 4294967295 111 4294967268 4294967295 3981951 46661635 4294967294 33554431 4294966758 4294967295 115867647 4278215680 4294967295 50397183 1048577 0 0 546 0 0 2048 0 16777216 18446744073709551615 0 0 0 1 0 3 1 1 1 0 0 1 1 0 0 1 0 3 0 0 1 
1 1 0 0 576460769483293184 64 0 1792 0 32 0 0 32 1 1 2305843009213693892 4294967295 4294967295 4294967295 4294967295 111 4294967268 4294967295 3981951 46661635 4294967294 33554431 4294966758 4294967295 115867647 4278215680 4294967295 50397183 1048577 0 0 546 0 0 2048 0 16777216 18446744073709551615 0 0 0 1 0 3 1 1 0 0 0 1 0 0 0 1 0 3 0 0 1 
0 1 0 0 576460769483293184 64 0 1792 0 32 0 0 32 1 1 2305843009213693892 4294967295 4294967295 4294967295 4294967295 111 4294967268 4294967295 3981951 46661635 4294967294 33554431 4294966758 4294967295 115867647 4278215680 4294967295 50397183 1048577 0 0 546 0 0 2048 0 16777216 18446744073709551615 0 0 0 1 0 3 1 1 0 0 0 1 0 0 0 1 0 3 0 0 1 
0 1 0 0 576460769483293184 64 0 1792 0 32 0 0 32 1 1 2305843009213693892 4294967295 4294967295 4294967295 4294967295 111 4294967268 4294967295 3981951 46661635 4294967294 33554431 4294966758 4294967295 115867647 4278215680 4294967295 50397183 1048577 0 0 546 0 0 2048 0 16777216 18446744073709551615 0 0 0 1 0 3 1 1 0 0 0 1 0 0 0 1 0 3 0 0 1 
1 1 0 0 576460769483293184 64 0 1792 0 32 0 0 32 1 1 2305843009213693892 4294967295 4294967295 4294967295 4294967295 111 4294967268 4294967295 3981951 46661635 4294967294 33554431 4294966758 4294967295 115867647 4278215680 4294967295 50397183 1048577 0 0 546 0 0 2048 0 16777216 18446744073709551615 0 0 0 1 0 3 1 1 0 0 0 1 0 0 0 1 0 3 0 0 1 
0 1 0 0 576460769483293184 64 0 1792 0 32 0 0 32 1 1 2305843009213693892 4294967295 4294967295 4294967295 4294967295 111 4294967268 4294967295 3981951 46661635 4294967294 33554431 4294966758 4294967295 115867647 4278215680 4294967295 50397183 1048577 0 0 546 0 0 2048 0 16777216 18446744073709551615 0 0 0 1 0 3 1 1 0 0 0 1 0 0 0 1 0 3 0 0 1 
0 1 0 0 576460769483293184 64 0 1792 0 32 0 0 32 1 1 2305843009213693892 4294967295 4294967295 4294967295 4294967295 111 4294967268 4294967295 3981951 46661635 4294967294 33554431 4294966758 4294967295 115867647 4278215680 4294967295 50397183 1048577 0 0 546 0 0 2048 0 16777216 18446744073709551615 0 0 0 1 0 3 1 1 0 0 0 1 0 0 0 1 0 3 0 0 1 
1 1 0 0 576460769483293184 64 0 1792 0 32 0 0 32 1 1 2305843009213693892 4294967295 4294967295 4294967295 4294967295 111 4294967268 4294967295 3981951 46661635 4294967294 33554431 4294966758 4294967295 115867647 4278215680 4294967295 50397183 1048577 0 0 546 0 0 2048 0 16777216 18446744073709551615 0 0 0 1 0 3 1 1 0 0 0 1 0 0 0 1 0 3 0 0 1 
0 1 0 0 576460769483293184 64 0 1792 0 32 0 0 32 1 1 2305843009213693892 4294967295 4294967295 4294967295 4294967295 111 4294967268 4294967295 3981951 46661635 4294967294 33554431 4294966758 4294967295 115867647 4278215680 4294967295 50397183 1048577 0 0 546 0 0 2048 0 16777216 18446744073709551615 0 0 0 1 0 3 1 1 0 0 0 1 0 0 0 1 0 3 0 0 1 
0 1 0 0 576460769483293184 64 0 1792 0 32 0 0 32 1 1 2305843009213693892 4294967295 4294967295 4294967295 4294967295 111 4294967268 4294967295 3981951 46661635 4294967294 33554431 4294966758 4294967295 115867647 4278215680 4294967295 50397183 1048577 0 0 546 0 0 2048 0 16777216 18446744073709551615 0 0 0 1 0 3 1 1 0 0 0 1 0 0 0 1 0 3 0 0 1 
1 1 0 0 576460769483293184 64 0 1792 0 32 0 0 32 1 1 2305843009213693892 4294967295 4294967295 4294967295 4294967295 111 4294967268 4294967295 3981951 46661635 4294967294 33554431 4294966758 4294967295 115867647 4278215680 4294967295 50397183 1048577 0 0 546 0 0 2048 0 16777216 18446744073709551615 0 0 0 1 0 3 1 1 0 0 0 1 0 0 0 1 0 3 0 0 1 
0 1 0 0 576460769483293184 64 0 1792 0 32 0 0 32 1 1 2305843009213693892 4294967295 4294967295 4294967295 4294967295 111 4294967268 4294967295 3981951 46661635 4294967294 33554431 4294966758 4294967295 115867647 4278215680 4294967295 50397183 1048577 0 0 546 0 0 2048 0 16777216 18446744073709551615 0 0 0 1 0 3 1 1 0 0 0 1 0 0 0 1 0 3 0 0 1 
0 1 0 0 576460769483293184 64 0 1792 0 32 0 0 32 1 1 2305843009213693892 4294967295 4294967295 4294967295 4294967295 111 4294967268 4294967295 3981951 46661635 4294967294 33554431 4294966758 4294967295 115867647 4278215680 4294967295 50397183 1048577 0 0 546 0 0 2048 0 16777216 18446744073709551615 0 0 0 1 0 3 1 1 0 0 0 1 0 0 0 1 0 3 0 0 1 
1 1 0 0 576460769483293184 64 0 1792 0 32 0 0 32 1 1 2305843009213693892 4294967295 4294967295 4294967295 4294967295 111 4294967268 4294967295 3981951 46661635 4294967294 33554431 4294966758 4294967295 115867647 4278215680 4294967295 50397183 1048577 0 0 546 0 0 2048 0 16777216 18446744073709551615 0 0 0 1 0 3 1 1 0 0 0 1 0 0 0 1 0 3 0 0 1 
0 1 0 0 576460769483293184 64 0 1792 0 32 0 0 32 1 1 2305843009213693892 4294967295 4294967295 4294967295 4294967295 111 4294967268 4294967295 3981951 46661635 4294967294 33554431 4294966758 4294967295 115867647 4278215680 4294967295 50397183 1048577 0 0 546 0 0 2048 0 16777216 18446744073709551615 0 0 0 1 0 3 1 1 0 0 0 1 0 0 0 1 0 3 0 0 1 
0 1 0 0 576460769483293184 64 0 1792 0 32 0 0 32 1 1 2305843009213693892 4294967295 4294967295 4294967295 4294967295 111 4294967268 4294967295 3981951 46661635 4294967294 33554431 4294966758 4294967295 115867647 4278215680 4294967295 50397183 1048577 0 0 546 0 0 2048 0 16777216 18446744073709551615 0 0 0 1 0 3 1 1 0 0 0 1 0 0 0 1 0 3 0 0 1 
1 1 0 0 576460769483293184 64 0 1792 0 32 0 0 32 1 1 2305843009213693892 4294967295 4294967295 4294967295 4294967295 111 4294967268 4294967295 3981951 46661635 4294967294 33554431 4294966758 4294967295 115867647 4278215680 4294967295 50397183 1048577 0 0 546 0 0 2048 0 16777216 18446744073709551615 0 0 0 1 0 3 1 1 0 0 0 1 0 0 0 1 0 3 0 0 1 
0 1 0 0 576460769483293184 64 0 1792 0 32 0 0 32 1 1 2305843009213693892 4294967295 4294967295 4294967295 4294967295 111 4294967268 4294967295 3981951 46661635 4294967294 33554431 4294966758 4294967295 115867647 4278215680 4294967295 50397183 1048577 0 0 546 0 0 2048 0 16777216 18446744073709551615 0 0 0 1 0 3 1 1 0 0 0 1 0 0 0 1 0 3 0 0 1 
0 1 0 0 576460769483293184 64 0 1792 0 32 0 0 32 1 1 2305843009213693892 4294967295 4294967295 4294967295 4294967295 111 4294967268 4294967295 3981951 46661635 4294967294 33554431 4294966758 4294967295 115867647 4278215680 4294967295 50397183 1048577 0 0 546 0 0 2048 0 16777216 18446744073709551615 0 0 0 1 0 3 1 1 0 0 0 1 0 0 0 1 0 3 0 0 1 
1 1 0 0 576460769483293184 64 0 1792 0 32 0 0 32 1 1 2305843009213693892 4294967295 4294967295 4294967295 4294967295 111 4294967268 4294967295 3981951 46661635 4294967294 33554431 4294966758 4294967295 115867647 4278215680 4294967295 50397183 1048577 0 0 546 0 0 2048 0 16777216 18446744073709551615 0 0 0 1 0 3 1 1 0 0 0 1 0 0 0 1 0 3 0 0 1 
0 1 0 0 576460769483293184 64 0 1792 0 32 0 0 32 1 1 2305843009213693892 4294967295 4294967295 4294967295 4294967295 111 4294967268 4294967295 3981951 46661635 4294967294 33554431 4294966758 4294967295 115867647 4278215680 4294967295 50397183 1048577 0 0 546 0 0 2048 0 16777216 18446744073709551615 0 0 0 1 0 3 1 1 0 0 0 1 0 0 0 1 0 3 0 0 1 
0 1 0 0 576460769483293184 64 0 1792 0 32 0 0 32 1 1 2305843009213693892 4294967295 4294967295 4294967295 4294967295 111 4294967268 4294967295 3981951 46661635 4294967294 33554431 4294966758 4294967295 115867647 4278215680 4294967295 50397183 1048577 0 0 546 0 0 2048 0 16777216 18446744073709551615 0 0 0 1 0 3 1 1 0 0 0 1 0 0 0 1 0 3 0 0 1 
1 1 0 0 576460769483293184 64 0 1792 0 32 0 0 32 1 1 2305843009213693892 4294967295 4294967295 4294967295 4294967295 111 4294967268 4294967295 3981951 46661635 4294967294 33554431 4294966758 4294967295 115867647 4278215680 4294967295 50397183 1048577 0 0 546 0 0 2048 0 16777216 18446744073709551615 0 0 0 1 0 3 1 1 0 0 0 1 0 0 0 1 0 3 0 0 1 
0 1 0 0 576460769483293184 64 0 1792 0 32 0 0 32 1 1 2305843009213693892 4294967295 4294967295 4294967295 4294967295 111 4294967268 4294967295 3981951 46661635 4294967294 33554431 4294966758 4294967295 115867647 4278215680 4294967295 50397183 1048577 0 0 546 0 0 2048 0 16777216 18446744073709551615 0 0 0 1 0 3 1 1 0 0 0 1 0 0 0 1 0 3 0 0 1 
0 1 0 0 576460769483293184 64 0 1792 0 32 0 0 32 1 1 2305843009213693892 4294967295 4294967295 4294967295 4294967295 111 4294967268 4294967295 3981951 46661635 4294967294 33554431 4294966758 4294967295 115867647 4278215680 4294967295 50397183 1048577 0 0 546 0 0 2048 0 16777216 18446744073709551615 0 0 0 1 0 3 1 1 0 0 0 1 0 0 0 1 0 3 0 0 1 
